Name,R [mm],P5 - rad2 [mm],H [mm],T [C],Max coating stress [MPa],Max substrate-coating normal stress [MPa],Max substrate-coating shear stress [MPa],Min substrate-coating shear stress [MPa],Contact stress [Mpa],Substrate stress 0.1 mm under coating interface[MPa],Substrate stress 0.2 mm under coating interface[MPa],Substrate stress 0.3 mm under coating interface[MPa]
DP 0,16,16,0.1,1000,487.659112646072,149.743263244629,128.190979003906,-128.129776000977,601.363006591797,177.100371774172,203.327264868708,228.323467946954
DP 20,16,16,0.1,800,454.138442461154,171.715377807617,144.854934692383,-144.787353515625,661.066833496094,266.945214810733,264.750599095275,262.773946913098
DP 21,16,16,0.15,800,443.419587545714,120.312599182129,157.225051879883,-157.157577514648,714.503692626953,274.167644353655,271.491889007411,268.077534954381
DP 22,16,16,0.2,800,435.464141846587,91.4827842712402,160.09912109375,-163.946105957031,667.952880859375,279.948388459724,275.444307516116,270.437145098305
DP 23,16,16,0.25,800,430.014350235207,73.162727355957,162.537307739258,-166.400619506836,749.721954345703,281.721921619566,275.930298383689,269.443101851486
DP 24,16,16,0.3,800,432.540336921296,60.3243846893311,162.927444458008,-166.787704467773,728.017272949219,284.927211335517,278.100052957544,270.436373196596
DP 25,18,18,0.1,800,456.343045947877,170.304374694824,145.595489501953,-143.385681152344,655.401306152344,269.052569228336,267.498992869715,264.278214815466
DP 26,18,18,0.15,800,455.057591630121,121.327919006348,151.359466552734,-148.146728515625,706.612091064453,275.011608035212,272.05244112484,267.2574247894
DP 27,18,18,0.2,800,447.217215826236,92.0927238464356,154.927124023438,-153.294525146484,708.164855957031,280.10592964847,275.177325575805,270.02008557609
DP 28,18,18,0.25,800,461.895463266976,72.8142433166504,157.102554321289,-155.414581298828,669.180328369141,283.9832331008,277.961941085508,271.60196252605
DP 29,18,18,0.3,800,458.581569316056,60.1408977508545,158.740829467773,-155.757125854492,666.212860107422,285.902270254052,278.867047377973,271.347767081307
DP 30,20,20,0.1,800,448.555962178038,173.368019104004,145.891311645508,-145.445526123047,689.640533447266,269.065011144522,266.513069314486,263.53394594555
DP 31,20,20,0.15,800,432.955116805466,120.469917297363,150.760818481445,-150.338882446289,717.78857421875,274.810927111918,271.16770545346,266.556486750715
DP 32,20,20,0.2,800,432.526104502851,91.8666763305664,152.619216918945,-150.969390869141,714.50732421875,280.378711411278,275.693156160805,270.025275462927
DP 33,20,20,0.25,800,456.946306199931,72.364200592041,154.313995361328,-149.950088500977,662.199951171875,284.808071934391,278.499040279612,271.009358064187
DP 34,20,20,0.3,800,444.161680063913,60.1054553985596,157.138931274414,-150.13313293457,701.968444824219,287.611906042051,280.316719693214,271.710506708644
DP 35,1000,1000,0.1,800,510.644616428904,176.034187316895,138.159927368164,-138.965591430664,649.670257568359,278.049742753309,274.31075917125,268.374968208645
DP 36,1000,1000,0.15,800,508.743842294244,121.412521362305,141.626480102539,-142.234222412109,649.776336669922,282.488570369702,276.918366310764,270.006180679555
DP 37,1000,1000,0.2,800,503.569897447294,91.4766693115234,143.839752197266,-144.287170410156,657.774566650391,286.253218607461,279.459131913809,271.243491568716
DP 38,1000,1000,0.25,800,521.027309000635,72.6173706054688,143.88395690918,-144.694458007813,650.435821533203,289.217712229457,281.286329187222,271.854335643791
DP 39,1000,1000,0.3,800,506.684395892477,59.423189163208,143.367248535156,-144.116714477539,655.805023193359,291.364850196939,282.327800465444,271.754844247402
DP 40,16,16,0.1,600,449.702919621442,180.967041015625,110.608551025391,-110.555854797363,682.873657226563,242.576245948845,226.482219145301,214.170263437962
DP 41,16,16,0.15,600,441.231828676498,126.219142913818,119.168403625488,-119.116409301758,732.236633300781,243.975007746876,228.539458446594,215.463192738238
DP 42,16,16,0.2,600,433.427366663661,95.5512504577637,114.793617248535,-116.140029907227,687.966674804688,244.599963069123,228.23376505051,214.272049104085
DP 43,16,16,0.25,600,429.304935220644,76.1130790710449,114.069297790527,-115.444076538086,764.533935546875,241.519570761717,224.963389904326,210.396808612892
DP 44,16,16,0.3,600,431.427852181563,62.6560840606689,112.110954284668,-113.473365783691,743.353546142578,239.850321889011,223.202308457331,208.241680176037
DP 45,18,18,0.1,600,451.020659582631,180.500534057617,111.431785583496,-109.959274291992,677.035430908203,244.231124066619,228.964229316497,215.032301939888
DP 46,18,18,0.15,600,450.810919883431,127.269985198975,114.007415771484,-112.507049560547,723.522247314453,244.632628445804,229.085936107741,214.350953525174
DP 47,18,18,0.2,600,444.468460047411,96.1724128723145,113.189437866211,-112.588386535645,725.628570556641,244.41989220246,227.531820433501,213.288837185929
DP 48,18,18,0.25,600,459.952446011269,75.8930473327637,112.183799743652,-111.554809570313,687.709167480469,243.184751956822,226.213008625876,211.548069329555
DP 49,18,18,0.3,600,456.608114984672,62.5504264831543,111.445449829102,-110.483200073242,684.119354248047,240.296062760609,223.355614906,208.39048841074
DP 50,20,20,0.1,600,443.977808678726,182.965942382813,111.884048461914,-111.48787689209,709.826934814453,243.913041994688,227.317519580837,214.199188021858
DP 51,20,20,0.15,600,430.864810759868,126.450569152832,114.528831481934,-114.141883850098,733.314270019531,244.081264882784,227.546287009213,213.55406850227
DP 52,20,20,0.2,600,430.976634093373,95.9211158752441,114.177619934082,-113.240501403809,730.89013671875,244.266651647114,227.833552563154,213.043014019864
DP 53,20,20,0.25,600,454.761994710861,75.5113182067871,111.798156738281,-110.489379882813,681.048919677734,243.523005805785,226.550649952643,210.97740480925
DP 54,20,20,0.3,600,439.096276870026,62.6047248840332,110.771354675293,-109.14803314209,718.190673828125,241.397552804163,224.439365403685,208.609440144445
DP 55,1000,1000,0.1,600,501.180182424999,185.669570922852,107.698059082031,-108.156028747559,668.452911376953,250.225184805535,231.801402040269,215.70256258863
DP 56,1000,1000,0.15,600,502.817644016352,127.060657501221,109.15641784668,-109.563682556152,665.319519042969,248.824658197381,230.217078372365,213.514745512961
DP 57,1000,1000,0.2,600,499.271551177412,95.4356918334961,109.476638793945,-109.763763427734,673.54443359375,247.092906279709,228.475034862574,211.392378447772
DP 58,1000,1000,0.25,600,521.026723983165,75.6877822875977,108.17081451416,-108.742286682129,666.103149414063,244.776619288171,226.189268818266,208.840844040733
DP 59,1000,1000,0.3,600,502.287000604981,62.0155773162842,106.444618225098,-106.963661193848,671.214263916016,241.930327782431,223.343984393795,205.813816426922
DP 60,16,16,0.1,400,456.446548045131,182.359428405762,60.8990364074707,-60.8679542541504,699.410583496094,159.995455546003,141.733216810895,131.372431090891
DP 61,16,16,0.15,400,447.399140102601,127.293472290039,65.4240798950195,-65.3916931152344,746.136962890625,155.889083470385,141.171050985136,130.96063216975
DP 62,16,16,0.2,400,437.713306128784,96.3854026794434,61.9854507446289,-62.2574653625488,704.584838867187,154.003308885645,139.738766973687,129.160489848182
DP 63,16,16,0.25,400,433.21603016519,76.8573837280273,60.9735832214355,-61.2374725341797,776.594665527344,150.03872718949,136.446340775501,125.69570011166
DP 64,16,16,0.3,400,433.681997580858,63.4588050842285,59.4090538024902,-59.6687927246094,755.940002441406,147.418763524462,134.284895772489,123.451051872641
DP 65,18,18,0.1,400,457.225379665083,182.267417907715,61.4374008178711,-60.6738204956055,693.387939453125,160.936549824397,143.539711688527,131.804899162985
DP 66,18,18,0.15,400,455.00034815793,128.372138977051,62.6061973571777,-61.8229751586914,736.787414550781,156.616106475413,141.815160544721,130.147898237648
DP 67,18,18,0.2,400,447.602663378213,96.9240036010742,61.6072731018066,-61.3783531188965,739.74609375,153.793090048153,139.169444259238,128.351359927524
DP 68,18,18,0.25,400,462.513471989917,76.6531639099121,60.4836845397949,-60.2854385375977,703.285858154297,151.05340986334,137.165225158744,126.299999109773
DP 69,18,18,0.3,400,457.833541695421,63.3452110290527,59.7437324523926,-59.4465866088867,699.35009765625,147.568045220481,134.266951177635,123.410924127579
DP 70,20,20,0.1,400,450.782845565869,184.583358764648,61.7275886535645,-61.4897117614746,724.600891113281,160.439403498314,142.057101590521,131.237924573268
DP 71,20,20,0.15,400,437.471816084198,127.645107269287,62.9450569152832,-62.7119407653809,745.399749755859,156.001251760197,140.425147897286,129.581992800349
DP 72,20,20,0.2,400,435.532426848058,96.7798271179199,62.4189071655273,-61.9279823303223,744.047241210938,153.547200225678,139.370721731511,128.193268868513
DP 73,20,20,0.25,400,457.178873281411,76.477725982666,60.6466789245606,-60.0656280517578,696.939331054687,151.197645363336,137.435704683963,125.942697200945
DP 74,20,20,0.3,400,441.179395840213,63.6402454376221,59.5591201782227,-58.9416160583496,731.5517578125,148.21632458184,135.010168079593,123.556270039026
DP 75,1000,1000,0.1,400,505.831984151762,187.332916259766,59.8995742797852,-60.1135101318359,682.809692382812,163.597515553478,144.641928781925,131.956404704001
DP 76,1000,1000,0.15,400,506.99698504381,128.414077758789,60.5148544311524,-60.7170486450195,677.841644287109,158.447582921576,141.706427735445,129.057380825364
DP 77,1000,1000,0.2,400,501.866009847615,96.7269287109375,60.4053802490234,-60.5450019836426,686.676788330078,154.573122512516,139.140054411836,126.569178041953
DP 78,1000,1000,0.25,400,524.488393731106,77.0576515197754,59.3995704650879,-59.6905708312988,679.91064453125,151.073001548467,136.438042199297,123.942503957516
DP 79,1000,1000,0.3,400,501.538636776509,63.5172119140625,58.1326408386231,-58.3954811096191,684.262969970703,147.668400703486,133.531779871158,121.113068857823
DP 80,16,16,0.1,200,457.096526281252,182.992027282715,30.7060260772705,-30.6535787582397,711.037811279297,98.3278571882092,70.2880965720162,57.5916016742943
DP 81,16,16,0.15,200,446.970486572344,127.999160766602,27.0991821289063,-27.023434638977,755.629455566406,82.015878500692,63.7895873215188,54.2613571369278
DP 82,16,16,0.2,200,435.506284639299,97.1407318115234,21.3957624435425,-21.3126497268677,716.310211181641,73.4769762949714,59.6381593431286,51.5325985865446
DP 83,16,16,0.25,200,430.604839827267,77.7108192443848,18.7521419525146,-18.635853767395,784.794036865234,66.5921879256594,55.5660929606322,48.4793536765134
DP 84,16,16,0.3,200,429.661043932395,64.5222053527832,16.8733758926392,-16.7720127105713,764.5498046875,61.861214819059,52.5843856985372,46.1894258715257
DP 85,18,18,0.1,200,457.293792059549,183.144493103027,30.8497676849365,-31.3760137557983,704.886474609375,98.4910893224972,70.8191373752937,57.2734306354948
DP 86,18,18,0.15,200,452.388604384639,129.109889984131,25.257098197937,-25.6901683807373,745.813110351563,82.877156169504,64.533766178683,53.8681538726755
DP 87,18,18,0.2,200,444.289128957052,97.5560493469238,21.1849479675293,-21.4513692855835,749.446441650391,73.2586158010986,59.2891713234993,51.0825751252424
DP 88,18,18,0.25,200,458.909950675091,77.4712142944336,18.6349487304688,-18.8612041473389,714.343353271484,66.8492661020008,55.7073860429969,48.5540452017428
DP 89,18,18,0.3,200,453.209899397175,64.3535041809082,16.9124736785889,-17.008020401001,710.165710449219,61.7734114497639,52.4571104865953,46.0311402351873
DP 90,20,20,0.1,200,451.328631034123,185.384002685547,31.729398727417,-31.4936504364014,734.623321533203,97.7553741771289,70.0478252048101,57.455468134611
DP 91,20,20,0.15,200,437.250335389603,128.449249267578,26.0736141204834,-25.9498519897461,753.586669921875,82.3181074888872,63.7335172055049,53.9245751463972
DP 92,20,20,0.2,200,433.610042300921,97.5033111572266,21.8691253662109,-21.757134437561,753.030303955078,73.0250215232737,59.4577662662513,51.0108041797567
DP 93,20,20,0.25,200,453.283329212522,77.4851379394531,18.9140901565552,-18.8649463653564,708.244110107422,67.0113989276998,55.9313304999231,48.5474504757667
DP 94,20,20,0.3,200,438.166942996901,64.8704223632813,17.0320177078247,-17.064624786377,740.716613769531,62.0875094692423,52.8383560807857,46.2014040588538
DP 95,1000,1000,0.1,200,502.445820332005,188.059860229492,33.9271354675293,-32.6860046386719,692.610382080078,97.5425169338516,69.8901393869923,57.7986023582363
DP 96,1000,1000,0.15,200,503.084464582927,129.289054870605,27.0425577163696,-26.713586807251,686.352691650391,82.6757631971142,63.982120646103,53.8501069301132
DP 97,1000,1000,0.2,200,496.666563229121,97.7501792907715,22.7062768936157,-22.4338541030884,695.663177490234,73.0450750772434,59.1537320516301,50.608474887059
DP 98,1000,1000,0.25,200,521.674924049363,78.2986373901367,19.8641271591187,-19.721399307251,689.329162597656,66.4153306516037,55.3237358299338,47.8131199206757
DP 99,1000,1000,0.3,200,493.606729688115,64.9942245483399,17.7996282577515,-17.6917181015015,693.179473876953,61.4966413317016,52.1135047742106,45.2861874829135
DP 100,16,16,0.1,22,443.459939088582,183.544387817383,29.7672281265259,-29.7547178268433,718.937133789063,108.103280411031,75.0625075617643,56.4044618358006
DP 101,16,16,0.15,22,433.334529435152,128.859592437744,26.2351121902466,-26.2147121429443,761.97412109375,85.062145900426,63.5166739509911,49.8848318411459
DP 102,16,16,0.2,22,421.841831698682,98.2605094909668,20.3826713562012,-20.3636569976807,724.310333251953,70.2225599606321,55.5250763457117,45.150550188014
DP 103,16,16,0.25,22,417.654864281097,79.0829086303711,17.6202516555786,-17.5566711425781,790.259857177734,59.5517392509385,48.8848306302536,40.8225500613682
DP 104,16,16,0.3,22,417.237586865271,66.2292671203613,15.47882604599,-15.4534969329834,770.299377441406,51.7514347637079,43.6635124837098,37.2356575683755
DP 105,18,18,0.1,22,443.353543470495,183.816589355469,30.179256439209,-30.211651802063,712.703460693359,108.059265553684,74.2365231376671,55.4204013839439
DP 106,18,18,0.15,22,436.996582235058,129.94994354248,24.5618362426758,-24.6389350891113,751.824462890625,85.3349382131456,63.4575276843745,49.5091097657499
DP 107,18,18,0.2,22,430.475853488208,98.5148773193359,20.3656377792358,-20.3727693557739,755.948638916016,69.7781025692112,55.0647258055931,44.9599207913421
DP 108,18,18,0.25,22,446.304905185342,78.744327545166,17.5599584579468,-17.5953731536865,721.916320800781,59.2726754159609,48.5625447083581,40.6681467878773
DP 109,18,18,0.3,22,441.116052695509,65.9357872009277,15.5957608222961,-15.5996084213257,717.580688476563,51.5365490734676,43.3554916695737,37.0356648320136
DP 110,20,20,0.1,22,437.686834910376,185.982635498047,30.7450714111328,-30.6342601776123,741.292022705078,107.274348378738,74.4866232313748,56.1889565085236
DP 111,20,20,0.15,22,423.317274954669,129.29606628418,25.1275386810303,-25.1246423721313,759.024078369141,84.9884708236617,63.6096364183638,50.0791254558481
DP 112,20,20,0.2,22,420.646156047784,98.4723205566406,20.9036483764648,-20.820351600647,759.026580810547,69.5795490350416,55.0638416681583,44.5144401399697
DP 113,20,20,0.25,22,440.246271754792,78.8395385742188,17.6670379638672,-17.6800394058228,715.979034423828,59.5474691011709,48.4196534794712,40.656967857082
DP 114,20,20,0.3,22,427.10596518532,66.5532722473145,15.6126675605774,-15.6359004974365,746.845367431641,51.7658808827757,43.2415639702758,37.0835421394967
DP 115,1000,1000,0.1,22,483.122887491879,188.347702026367,32.6577892303467,-32.0172557830811,699.12841796875,106.048323885193,71.483302100058,55.2487396185754
DP 116,1000,1000,0.15,22,484.936079032267,129.843528747559,26.0126037597656,-25.7622852325439,691.978607177734,84.3486769037032,62.7622309822079,49.8666498718829
DP 117,1000,1000,0.2,22,479.626600397506,98.5149154663086,21.4833154678345,-21.3667068481445,701.6220703125,69.5920061395285,54.5610566394032,44.7151992311425
DP 118,1000,1000,0.25,22,512.07786148303,79.3182945251465,18.4309759140015,-18.3677396774292,695.568115234375,59.2422789341763,48.1944597478734,40.4643727728012
DP 119,1000,1000,0.3,22,477.050107259622,66.2860717773438,16.009614944458,-15.9659452438354,699.079498291016,51.576705857254,43.1405706459915,36.931541745779
DP 120,16,16,0.1,1000,487.659112646072,149.743263244629,128.190979003906,-128.129776000977,601.363006591797,177.100371774172,203.327264868708,228.323467946954
DP 121,16,16,0.15,1000,461.533395893069,106.596412658691,144.059631347656,-143.98908996582,661.912750244141,191.699316801776,218.26141412482,241.225022206816
DP 122,16,16,0.2,1000,448.246814201091,83.0159759521484,153.561859130859,-157.960525512695,615.075561523438,206.447012984019,230.889965820691,251.294157408363
DP 123,16,16,0.25,1000,436.606570615004,67.223819732666,161.266906738281,-165.819808959961,706.006591796875,218.406145557849,240.315163728606,257.908541567228
DP 124,16,16,0.3,1000,436.08507106484,56.055871963501,166.888092041016,-171.57958984375,683.361022949219,231.260975275683,250.911305639377,266.139418122842
DP 125,18,18,0.1,1000,490.645500111008,145.748374938965,128.195007324219,-125.697860717773,596.471466064453,178.993683124317,205.670462223958,230.632464132306
DP 126,18,18,0.15,1000,473.106103799616,108.384578704834,138.586791992188,-135.154434204102,655.754425048828,192.843273521162,218.938006599586,241.508042470648
DP 127,18,18,0.2,1000,458.69745602768,83.3438568115234,147.000411987305,-145.541442871094,658.132751464844,207.272139102185,231.768510496189,252.422612256878
DP 128,18,18,0.25,1000,468.584743764438,66.5779457092285,154.133453369141,-152.518157958984,621.363677978516,220.953468227469,243.231010126584,261.469309875782
DP 129,18,18,0.3,1000,462.33692064248,55.6838035583496,161.203430175781,-157.587615966797,619.710845947266,232.885552633645,252.724847426511,268.436325241208
DP 130,20,20,0.1,1000,486.174111035965,151.277870178223,127.75594329834,-127.518539428711,629.084167480469,179.49685275022,206.25794524738,230.396186149836
DP 131,20,20,0.15,1000,451.24971446699,107.693492889404,137.355361938477,-137.169006347656,668.988372802734,193.309595111839,219.628244634129,241.30660490484
DP 132,20,20,0.2,1000,444.073868801111,83.4935455322266,144.300140380859,-143.300765991211,666.822845458984,208.309758821798,232.609940544664,253.140631788628
DP 133,20,20,0.25,1000,464.036144256815,66.7936744689941,150.96174621582,-146.286636352539,613.463592529297,222.46910795152,244.140969193234,261.254046994255
DP 134,20,20,0.3,1000,452.666180273804,56.035717010498,159.160400390625,-151.105819702148,655.300598144531,235.201823649882,254.537532530818,269.091788131654
DP 135,1000,1000,0.1,1000,546.165057074182,152.195739746094,117.61637878418,-118.730491638184,593.262817382812,189.154521110281,218.27886654717,241.373285663342
DP 136,1000,1000,0.15,1000,527.314237243849,109.532764434814,125.921585083008,-126.566841125488,602.481323242187,203.547272037111,229.810763425015,251.711255084431
DP 137,1000,1000,0.2,1000,514.890814091903,84.2632904052734,132.908020019531,-133.439270019531,613.845916748047,217.790464805804,241.743152707597,260.801199075219
DP 138,1000,1000,0.25,1000,518.065905985756,81.980583190918,137.599136352539,-138.409088134766,609.284027099609,231.424498913022,252.733122805612,268.993757956391
DP 139,1000,1000,0.3,1000,509.012015180834,79.7140579223633,141.458724975586,-142.243957519531,613.750732421875,244.022894230995,262.611824659025,275.873909527881
DP 140,16,16,0.1,1000,487.659112646072,149.743263244629,128.190979003906,-128.129776000977,601.363006591797,177.100371774172,203.327264868708,228.323467946954
DP 146,14,14,0.1,1000,466.909335737802,143.113189697266,135.075881958008,-131.504409790039,593.922790527344,175.46362588516,201.350925971388,226.609678592555
DP 147,14,14,0.15,1000,446.717594511661,112.511283874512,153.634201049805,-147.148712158203,707.874847412109,188.965565283392,214.833148814516,237.673720146891
DP 148,14,14,0.2,1000,448.342331646263,81.4708595275879,154.903411865234,-154.628875732422,623.092712402344,204.036815775761,228.396978226444,248.95215474697
DP 149,14,14,0.25,1000,446.72580298614,69.2917823791504,165.468063354492,-165.424362182617,703.09716796875,217.377960004128,239.93393554899,258.199676950352
DP 150,14,14,0.3,1000,451.275458539559,55.6572113037109,168.05290222168,-167.894821166992,636.162750244141,230.515741726507,250.672907930787,266.512523908501
DP 151,14,14,0.1,800,431.62772089224,168.895141601563,150.504348754883,-147.306869506836,661.101165771484,265.485188185109,263.395973159914,262.115486403188
DP 152,14,14,0.15,800,426.781903458237,123.959125518799,164.539993286133,-158.654083251953,753.061981201172,271.560352893636,268.486930459848,265.409881553241
DP 153,14,14,0.2,800,436.157516374646,90.6866149902344,160.956405639648,-160.675872802734,676.455017089844,277.956123569969,273.682080647024,269.134936212593
DP 154,14,14,0.25,800,439.045095522755,74.515739440918,166.767440795898,-166.713348388672,747.944458007813,281.525448515052,276.588218260755,270.876174620108
DP 155,14,14,0.3,800,447.075012934778,60.1799125671387,163.565277099609,-163.405609130859,686.3447265625,285.258429470454,278.962958780662,271.963268929546
DP 156,14,14,0.1,600,427.407414729799,179.379364013672,113.361541748047,-112.13801574707,685.175720214844,241.595113710895,225.60169097595,214.040953463909
DP 157,14,14,0.15,600,425.069362906628,129.160926818848,118.623512268066,-116.506401062012,768.042999267578,242.167924035066,226.300555317207,213.646286911136
DP 158,14,14,0.2,600,434.629372927789,94.8853149414063,116.008522033691,-115.799430847168,696.639801025391,243.23857401337,227.110966654773,213.647104269458
DP 159,14,14,0.25,600,436.593548643451,77.2022438049316,118.922866821289,-118.845336914063,763.189819335938,241.641204048776,225.887831531413,212.016008238312
DP 160,14,14,0.3,600,445.429170444822,62.5336608886719,112.989791870117,-112.839088439941,705.518646240234,240.609651562595,224.35481871483,209.929083515271
DP 161,14,14,0.1,400,435.034012499933,181.066207885742,62.2628173828125,-61.6602363586426,703.287353515625,159.49704459009,141.042655003869,131.250687614569
DP 162,14,14,0.15,400,432.030773520806,129.899871826172,64.1515960693359,-63.5624923706055,779.661804199219,155.157401587529,139.756250816383,129.787760948299
DP 163,14,14,0.2,400,439.305191218536,95.6359710693359,62.822925567627,-62.7076644897461,713.391571044922,153.192899821745,138.995223851642,128.779857591031
DP 164,14,14,0.25,400,438.868461089678,77.856559753418,64.1788482666016,-64.1273956298828,775.577453613281,149.950599474955,136.989228612997,126.777389821354
DP 165,14,14,0.3,400,447.233944344083,63.2377700805664,59.9936447143555,-59.9058647155762,721.745819091797,148.028851803037,135.101580110595,124.628285961751
DP 166,14,14,0.1,200,436.253388619238,181.844665527344,30.5707178115845,-30.6925296783447,715.912689208984,98.3780403094682,69.773949465592,57.271109847234
DP 167,14,14,0.15,200,432.316950059085,130.401229858398,25.8215627670288,-25.9374589920044,787.524536132813,82.4273676473434,63.416708318137,53.7829088541602
DP 168,14,14,0.2,200,437.587471780791,96.3114776611328,21.4118804931641,-21.6154661178589,725.230621337891,73.175860869442,59.1524795805011,51.1857620271139
DP 169,14,14,0.25,200,434.510801394435,78.7026672363281,19.5682640075684,-19.7166910171509,784.017028808594,66.0796969077208,55.3147418553758,48.556808679219
DP 170,14,14,0.3,200,442.94595193245,64.2422637939453,16.8198547363281,-16.9584646224976,733.253143310547,62.036384190568,52.7299925145596,46.4858925728683
DP 171,14,14,0.1,22,421.730781025947,182.515632629395,29.6803760528564,-29.766074180603,724.43701171875,108.411487893444,75.1085881831689,56.343752947806
DP 172,14,14,0.15,22,418.351740432069,131.203186035156,25.0027208328247,-25.0700511932373,792.748687744141,85.4030387768612,63.8973040849169,50.1238523443103
DP 173,14,14,0.2,22,424.389066977212,97.4468460083008,20.5839538574219,-20.5762243270874,733.300079345703,70.2368635400061,55.4500031880259,45.0238705079418
DP 174,14,14,0.25,22,420.187928288716,80.1928291320801,18.5723848342896,-18.5741052627563,789.640899658203,59.5365907098819,48.5902890379152,40.47233109519
DP 175,14,14,0.3,22,430.459904592823,66.0174980163574,15.6124243736267,-15.640748500824,741.117919921875,51.7753695678603,43.6016246720671,37.1304550518394
DP 181,22,22,0.1,1000,610.58279245383,156.674995422363,124.928535461426,-124.627815246582,640.586608886719,181.081436668425,208.058831653845,232.968390785992
DP 182,22,22,0.15,1000,605.420810246563,111.30143737793,128.399612426758,-128.439193725586,662.555450439453,195.441235511737,220.948272571834,243.609080913539
DP 183,22,22,0.2,1000,589.69361996632,85.5522384643555,143.069671630859,-143.846298217773,676.106903076172,209.653364586302,234.20641509336,254.443823910408
DP 184,22,22,0.25,1000,588.034308059491,68.877613067627,145.941101074219,-148.271942138672,673.81591796875,223.760209783421,245.709777552713,263.4868932881
DP 185,22,22,0.3,1000,582.992682160426,57.3931407928467,151.462371826172,-150.968780517578,675.157562255859,235.620849152682,254.932014096652,270.104198172143
DP 186,22,22,0.1,800,558.642365701706,177.385177612305,142.511474609375,-143.309753417969,689.676239013672,270.38565956208,268.42701299078,265.05331581471
DP 187,22,22,0.15,800,584.284855673133,123.999980926514,140.353256225586,-141.140914916992,704.566131591797,276.724777215367,272.589933117675,267.549011225746
DP 188,22,22,0.2,800,575.528038422106,93.3708801269531,150.845962524414,-152.219482421875,713.854461669922,281.948814910262,276.658452763078,271.163788259569
DP 189,22,22,0.25,800,583.133327054655,74.2019996643066,148.832992553711,-151.51936340332,713.301147460938,286.245836980686,279.415669172418,272.671779768673
DP 190,22,22,0.3,800,579.600198804563,60.7451972961426,150.697296142578,-150.222442626953,710.880950927734,287.422382208813,280.245216860708,272.017153005496
DP 191,22,22,0.1,600,548.292165363597,185.701766967773,109.500709533691,-110.153526306152,706.901641845703,244.758976625912,229.06117669846,215.181241329164
DP 192,22,22,0.15,600,578.49903124765,129.488143920898,106.347579956055,-106.836479187012,717.875671386719,245.668506523713,228.886334178677,213.955553540159
DP 193,22,22,0.2,600,570.947704076329,97.1457977294922,113.252853393555,-114.223960876465,727.303161621094,245.607768994218,228.399205387374,213.878713620018
DP 194,22,22,0.25,600,578.964900272858,77.0625801086426,108.247398376465,-109.160690307617,726.75537109375,244.799389035771,227.051500661523,212.067989041523
DP 195,22,22,0.3,600,574.885218246837,63.0012989044189,110.452285766602,-110.150688171387,723.801574707031,240.876534084361,224.156447493764,208.565261965346
DP 196,22,22,0.1,400,557.640718265423,186.841819763184,60.4649085998535,-60.8161773681641,720.220947265625,160.767703726924,143.358660740813,132.015733275816
DP 197,22,22,0.15,400,585.962393537358,130.425682067871,58.3620452880859,-58.6215744018555,728.866241455078,157.385537706653,141.581940274164,129.919701311959
DP 198,22,22,0.2,400,575.796811094442,98.0309715270996,61.921947479248,-62.413818359375,738.618469238281,154.394746340092,139.72784960908,128.700479726367
DP 199,22,22,0.25,400,581.776011403547,77.965202331543,58.6995506286621,-59.0942840576172,738.176177978516,152.136329613592,137.760884027874,126.616843145831
DP 200,22,22,0.3,400,575.253033995081,64.0927200317383,59.671760559082,-59.5407791137695,734.793182373047,147.641362712061,134.741306894001,123.455148161001
DP 201,22,22,0.1,200,556.607166791656,187.271423339844,30.3562984466553,-30.450345993042,729.435546875,97.302928561758,69.8907136610385,57.6095495916532
DP 202,22,22,0.15,200,582.953548431718,131.01301574707,23.168909072876,-23.1467313766479,736.496124267578,83.1996296475823,64.4028982274251,54.1848576965304
DP 203,22,22,0.2,200,570.439086757858,98.8112716674805,21.7176694869995,-21.4705924987793,746.520416259766,73.4433865176048,59.3960188003837,51.2526514508414
DP 204,22,22,0.25,200,574.459959687745,78.9289283752441,18.3383388519287,-18.1994533538818,746.167877197266,67.5072540354233,56.0794553482572,48.8390478213762
DP 205,22,22,0.3,200,565.847392851191,65.3919372558594,17.1889581680298,-17.086217880249,742.470855712891,61.6478092723774,52.6300234498378,46.0987983470159
DP 206,22,22,0.1,22,531.104453245689,187.58952331543,29.4853029251099,-29.4750509262085,735.637756347656,106.475375404724,72.4475215041309,55.059964155178
DP 207,22,22,0.15,22,558.030989047398,131.665191650391,22.2900009155273,-22.2161550521851,741.652862548828,84.7408690651417,63.0773154682591,49.8014922831726
DP 208,22,22,0.2,22,545.825456776283,99.7938423156738,20.5904865264893,-20.5226831436157,751.876708984375,70.0156800083733,54.3766211175528,44.7368117888883
DP 209,22,22,0.25,22,549.886759597256,80.2097282409668,17.0578470230103,-17.0388793945313,751.593566894531,59.4944419873289,48.2358137404773,40.7171821630503
DP 210,22,22,0.3,22,541.18117838045,67.0674514770508,15.7141470909119,-15.7041077613831,747.676361083984,51.8270517315281,42.9668506899576,36.8792843080003
DP 211,22,21,0.3,1000,541.959526571085,57.3628330230713,155.938751220703,-155.37825012207,656.274322509766,235.018851272826,254.490281944657,269.771042736488
DP 212,22,20,0.3,1000,453.454791452253,56.0896739959717,164.023376464844,-162.938842773438,654.291442871094,234.160776845383,253.895593208138,269.330831214977
DP 213,22,19,0.3,1000,451.404296352077,55.8406505584717,142.023788452148,-140.990142822266,620.10205078125,235.335097662785,254.370571807178,269.527769023545
DP 214,22,18,0.3,1000,425.606096808196,55.8114204406738,140.713043212891,-139.873809814453,617.988403320313,234.987540933257,254.027126451845,269.221804147077
DP 215,22,17,0.3,1000,417.292810964802,55.7159881591797,139.054901123047,-138.361175537109,623.267120361328,234.603895354915,253.644245427397,268.879239540659
DP 216,22,16,0.3,1000,414.068571588921,55.5178833007813,136.926574707031,-136.364501953125,696.442413330078,234.176451173666,253.216792478672,268.493208542886
DP 223,22,21,0.25,1000,549.791805118319,69.1690711975098,148.74626159668,-149.619979858398,658.046447753906,223.03953507455,245.236539748694,263.137327225007
DP 224,22,20,0.25,1000,449.023711599103,66.7260551452637,138.403198242188,-137.573791503906,653.749328613281,222.969281506981,244.399782316135,261.898601717303
DP 225,22,19,0.25,1000,443.228411081649,67.1150665283203,137.015121459961,-136.334060668945,624.030059814453,222.670331678964,244.087937448673,261.607798493761
DP 226,22,18,0.25,1000,429.030885325809,66.6408386230469,138.566680908203,-139.422332763672,628.694152832031,222.634318917568,244.501365554729,262.364099987247
DP 227,22,17,0.25,1000,417.873420717623,66.1719207763672,136.421936035156,-137.229904174805,686.257781982422,222.327582624637,244.15178631024,262.026738713596
DP 228,22,16,0.25,1000,382.517131702875,66.3044090270996,133.400238037109,-134.11018371582,636.228637695313,221.986324575057,243.755083434272,261.639917241357
DP 229,22,21,0.2,1000,564.961433578829,85.5109596252441,150.531005859375,-151.349609375,653.649627685547,208.891814188945,233.772853166136,254.131161266436
DP 230,22,20,0.2,1000,452.42107451418,83.9994049072266,155.027069091797,-156.486145019531,655.653350830078,208.204567180659,233.309415807025,253.767567719773
DP 231,22,19,0.2,1000,445.873169913861,82.3762054443359,133.612518310547,-134.412063598633,620.201538085938,209.278524521419,233.476951976101,253.659067136891
DP 232,22,18,0.2,1000,427.660305396163,82.176643371582,131.454116821289,-132.218246459961,625.756011962891,209.031908282018,233.172555957971,253.344799969863
DP 233,22,17,0.2,1000,404.368373864392,81.5396385192871,128.332138061523,-129.077407836914,675.913146972656,208.821060543735,232.86855800774,253.017246273567
DP 234,22,16,0.2,1000,379.275851353096,81.0182800292969,122.828651428223,-123.580368041992,680.6708984375,208.724102173166,232.5884814505,252.681765963022
DP 235,22,21,0.3,800,539.620345344757,61.0113201141357,156.475357055664,-155.919494628906,697.537780761719,286.925108348442,280.036594397397,271.964862563161
DP 236,22,20,0.3,800,449.452658146486,59.8434066772461,166.395156860352,-165.396179199219,701.088836669922,286.06088907383,279.658052318596,271.818296742242
DP 237,22,19,0.3,800,447.599371504162,59.8433818817139,144.108062744141,-143.102355957031,666.319274902344,288.470713567263,280.892702228466,272.568686080759
DP 238,22,18,0.3,800,420.335550161808,59.8207225799561,144.15544128418,-143.346328735352,666.735290527344,288.549178758022,280.998755898204,272.71115293571
DP 239,22,17,0.3,800,412.130429344231,59.7368640899658,144.129272460938,-143.449295043945,671.830871582031,288.645196721309,281.121863133937,272.874277053707
DP 240,22,16,0.3,800,405.056564029092,59.6865940093994,143.933746337891,-143.386962890625,736.918823242188,288.759814958793,281.270295642877,273.064915488544
DP 247,22,21,0.25,800,542.370148164737,74.1252975463867,152.867950439453,-154.269332885742,701.102874755859,285.547271430045,279.166062698691,272.612532137592
DP 248,22,20,0.25,800,442.473017007378,72.52197265625,143.944458007813,-143.09440612793,702.765960693359,285.701604702677,279.16676106223,271.849524928468
DP 249,22,19,0.25,800,437.041238997995,72.6617202758789,143.847320556641,-143.134887695313,671.455627441406,285.781643512889,279.262017630485,271.965182288406
DP 250,22,18,0.25,800,422.663834831838,72.1195220947266,146.158950805664,-147.468673706055,676.308837890625,286.551654223462,279.745282924417,273.090178568881
DP 251,22,17,0.25,800,406.205096688357,71.9533309936523,145.75798034668,-147.072158813477,728.763000488281,286.732892200425,279.913839913969,273.270816705968
DP 252,22,16,0.25,800,374.655645144387,71.7919578552246,144.780746459961,-146.032989501953,682.163360595703,286.966527471153,280.116789849513,273.477167076686
DP 253,22,21,0.2,800,547.916907136756,93.2663383483887,160.31330871582,-162.140655517578,696.949859619141,281.135717561448,276.475878918207,271.183192974179
DP 254,22,20,0.2,800,441.351705018312,91.4866676330566,167.102188110352,-169.791442871094,704.933502197266,280.474892399527,276.308425935204,271.18438002056
DP 255,22,19,0.2,800,435.48207766969,90.1814422607422,144.68571472168,-146.026123046875,668.863647460938,282.806817123587,277.095603457871,271.518618439413
DP 256,22,18,0.2,800,417.419350145076,89.9921035766602,144.133193969727,-145.486953735352,674.204040527344,282.993056546595,277.263870252614,271.680998511115
DP 257,22,17,0.2,800,393.740479027669,89.3895301818848,142.854110717773,-144.221984863281,719.461273193359,283.285933050817,277.498524074175,271.895304149624
DP 258,22,16,0.2,800,368.113714469047,88.7815628051758,139.247817993164,-140.573623657227,719.407623291016,283.844130367484,277.858472206771,272.185915033215
DP 259,22,21,0.3,600,538.223267496074,63.2643032073975,115.209335327148,-114.847946166992,712.430450439453,240.416751881459,224.044131583501,208.623033950461
DP 260,22,20,0.3,600,445.909544481421,62.2216129302979,123.26114654541,-122.608337402344,717.391632080078,239.534640865077,223.755815215504,208.595298293197
DP 261,22,19,0.3,600,445.287194089153,62.2022933959961,105.963119506836,-105.672973632813,684.107727050781,242.412193990074,225.207146493457,209.452918958037
DP 262,22,18,0.3,600,417.776968564029,62.1855087280273,106.543060302734,-106.252410888672,685.249572753906,242.646075735414,225.470263458066,209.739202921336
DP 263,22,17,0.3,600,409.694758653381,62.1047267913818,107.074478149414,-106.782699584961,690.199401855469,242.916113244056,225.769581984077,210.06436772655
DP 264,22,16,0.3,600,399.899642459883,62.0699005126953,107.572715759277,-107.278503417969,750.665191650391,243.226175537058,226.117811913626,210.440064214848
DP 271,22,21,0.25,600,540.710957855286,76.8716735839844,113.708717346191,-114.69930267334,716.825134277344,244.094104412594,226.889584099798,212.12450960138
DP 272,22,20,0.25,600,439.504082018606,75.5835418701172,107.11890411377,-106.684257507324,720.027496337891,244.415782381994,227.259626043479,211.6901604271
DP 273,22,19,0.25,600,435.185736249814,75.5435256958008,107.514823913574,-107.067756652832,689.675201416016,244.626403966232,227.493061551015,211.937987127636
DP 274,22,18,0.25,600,420.85988355199,75.0727043151855,109.65096282959,-110.546012878418,694.553619384766,245.592436129995,227.900356609025,212.985623386293
DP 275,22,17,0.25,600,401.979911924431,74.9384422302246,109.82600402832,-110.72891998291,743.289916992188,245.93461094296,228.240533512819,213.331274438829
DP 276,22,16,0.25,600,372.663919036073,74.754711151123,109.631813049316,-110.485969543457,699.166259765625,246.355999374261,228.639511145582,213.724896292376
DP 277,22,21,0.2,600,542.127953570446,96.9208335876465,121.023536682129,-122.358360290527,712.627685546875,244.724302974346,228.296495338184,214.02029898951
DP 278,22,20,0.2,600,438.364728631558,95.284553527832,126.84888458252,-128.793838500977,721.991882324219,244.024199093515,228.219166472763,214.143971967738
DP 279,22,19,0.2,600,433.472819839388,94.0559577941895,109.544052124023,-110.462928771973,687.476593017578,246.864735838932,229.198114179837,214.572851922467
DP 280,22,18,0.2,600,415.543926697557,93.8682746887207,109.538993835449,-110.468101501465,692.583038330078,247.173356161897,229.509293564863,214.880782947313
DP 281,22,17,0.2,600,391.156694340474,93.5504760742188,109.024063110352,-109.959579467773,734.280395507813,247.604244757858,229.903863416931,215.257448852202
DP 282,22,16,0.2,600,365.537030778001,92.9387969970703,106.701301574707,-107.594055175781,732.483947753906,248.345399140556,230.449808091137,215.728761976286
DP 283,22,21,0.3,400,542.236736462016,64.2686233520508,62.4376525878906,-62.2767066955566,724.975860595703,147.116597083356,134.580872245737,123.469945191006
DP 284,22,20,0.3,400,445.469105569414,63.2981128692627,67.0916290283203,-66.7871017456055,730.832916259766,146.157871802965,134.238808439303,123.398198477578
DP 285,22,19,0.3,400,445.987382243252,63.1610374450684,57.3355216979981,-57.2155265808105,699.208862304688,149.02073576025,135.615570489651,124.14645414355
DP 286,22,18,0.3,400,418.453703502826,63.1441802978516,57.7419319152832,-57.6215934753418,700.824737548828,149.181131194894,135.804785410362,124.357087325883
DP 287,22,17,0.3,400,410.298010962122,63.0615482330322,58.140438079834,-58.0195045471191,705.686950683594,149.366992571805,136.019770526231,124.596245671471
DP 288,22,16,0.3,400,399.063802807725,62.9995784759521,58.5411338806152,-58.418571472168,761.881713867188,149.579715403308,136.27053204978,124.873520999253
DP 289,22,21,0.25,400,546.254635843575,77.8086471557617,61.9058532714844,-62.4074172973633,730.039825439453,151.335999827001,137.531842869104,126.623156747726
DP 290,22,20,0.25,400,440.56258855422,76.4867172241211,58.269702911377,-58.0626487731934,734.202362060547,151.88630608772,137.982390862619,126.421938737444
DP 291,22,19,0.25,400,437.207694559065,76.3762359619141,58.5672225952149,-58.3508796691895,704.995697021484,152.021361024105,138.143909308462,126.600630980256
DP 292,22,18,0.25,400,422.67425521203,75.94775390625,59.8583831787109,-60.3002471923828,709.702972412109,152.643232884659,138.338680639572,127.270189250062
DP 293,22,17,0.25,400,403.319867953817,75.8074493408203,60.0593528747559,-60.5055084228516,755.111114501953,152.874788179325,138.579364274045,127.522677463637
DP 294,22,16,0.25,400,374.182377878151,75.6245841979981,60.069766998291,-60.4859733581543,713.206817626953,153.167961755647,138.863036439226,127.808853046859
DP 301,22,21,0.2,400,545.660791685274,97.725887298584,66.398551940918,-67.0805282592773,725.681335449219,153.332440837037,139.509883495797,128.767680536766
DP 302,22,20,0.2,400,440.820761706919,96.2740783691406,69.8083343505859,-70.7989120483398,735.781616210938,152.505498669844,139.33481054738,128.817574085667
DP 303,22,19,0.2,400,436.539470706136,94.9020919799805,60.0827674865723,-60.5369300842285,702.953430175781,155.450617723636,140.331118336886,129.196013566268
DP 304,22,18,0.2,400,418.36802823196,94.7074890136719,60.1690216064453,-60.6282768249512,707.800201416016,155.631509335738,140.536396656035,129.412413058481
DP 305,22,17,0.2,400,392.999224013888,94.5297088623047,59.9826393127441,-60.4446144104004,746.136138916016,155.904987403584,140.805093961594,129.680479150706
DP 306,22,16,0.2,400,368.600985628861,93.9060859680176,58.7826042175293,-59.2210884094238,742.870086669922,156.463939797376,141.205912546826,130.023253266313
DP 307,22,21,0.3,200,536.848036307708,65.4921035766602,17.9295692443848,-17.9070587158203,733.714630126953,61.0712463641777,52.3468172353386,45.9734202245981
DP 308,22,20,0.3,200,439.063071547374,64.5908546447754,19.448543548584,-19.3883666992188,740.058502197266,60.1693644172744,51.8961613781517,45.7575731332665
DP 309,22,19,0.3,200,441.401420409658,64.3611717224121,16.4956560134888,-16.3916540145874,709.918853759766,62.648663911878,53.2436497931647,46.5253419248972
DP 310,22,18,0.3,200,413.663804565696,64.3572845458984,16.5112085342407,-16.480749130249,711.829986572266,62.6754774054365,53.2934560990653,46.592108375317
DP 311,22,17,0.3,200,405.731266653445,64.2858200073242,16.6559467315674,-16.6439170837402,716.632995605469,62.7108819980626,53.3511903453891,46.6684353608779
DP 312,22,16,0.3,200,390.625974102651,64.17041015625,16.8294239044189,-16.8165435791016,769.513275146484,62.7488756196847,53.4175442200527,46.7570035704264
DP 313,22,21,0.25,200,542.044338200235,78.8342437744141,19.3052806854248,-19.176157951355,739.281219482422,66.6633545180501,55.6770462558916,48.6602145107306
DP 314,22,20,0.25,200,435.718099214304,77.4427070617676,18.1668605804443,-18.0102796554565,743.967498779297,67.5179568021779,56.2822041664694,48.8259348914993
DP 315,22,19,0.25,200,433.978419171946,77.3535766601563,18.1955308914185,-18.0335502624512,715.867980957031,67.5350600813568,56.31987339075,48.8783439182967
DP 316,22,18,0.25,200,419.51073874919,76.9071273803711,18.5461196899414,-18.4154653549194,720.424652099609,67.5879693294634,56.2247211780278,49.0347797956386
DP 317,22,17,0.25,200,397.124143070506,76.7625465393066,18.5035715103149,-18.376841545105,763.174468994141,67.6185258628188,56.2823349285445,49.1112981813344
DP 318,22,16,0.25,200,371.075704027853,76.6004486083984,18.4608945846558,-18.3424482345581,723.031677246094,67.6836225430891,56.3652182610556,49.2055405235285
DP 319,22,21,0.2,200,539.179170509071,98.4342651367188,23.4909019470215,-23.2132339477539,734.780944824219,72.2615853831765,58.8691676636859,51.0389318821532
DP 320,22,20,0.2,200,437.192959822623,97.180362701416,25.0016107559204,-24.7366771697998,745.211578369141,71.5052478862936,58.5308568511429,50.9069827471382
DP 321,22,19,0.2,200,434.241683479696,95.7349395751953,21.1068878173828,-20.8660144805908,713.9140625,74.1666696588406,59.81608148776,51.5301681045565
DP 322,22,18,0.2,200,416.231177322464,95.4535102844238,21.1119508743286,-20.8711357116699,718.547485351563,74.1427441072515,59.8426186536263,51.5822324234356
DP 323,22,17,0.2,200,390.041852093486,95.3970489501953,21.01575756073,-20.7880544662476,754.197448730469,74.127974280949,59.8861446479624,51.652138048449
DP 324,22,16,0.2,200,367.22615864707,94.7703971862793,20.613676071167,-20.3842134475708,749.915313720703,74.2995070756916,60.0380207393485,51.7849902576193
DP 325,22,21,0.3,22,515.922106607595,67.1444358825684,16.3075742721558,-16.2983112335205,739.622955322266,51.7735682741672,42.8076490965261,36.6905012590068
DP 326,22,20,0.3,22,426.01944152071,66.3135223388672,17.5397634506226,-17.5223293304443,746.231231689453,51.9528553160432,42.6881478104264,36.4923062527675
DP 327,22,19,0.3,22,430.711155849559,66.0369453430176,14.9016551971436,-14.9048538208008,717.254089355469,51.8914314625841,43.2940374760926,37.2450858287983
DP 328,22,18,0.3,22,402.529735331156,66.066951751709,14.9015374183655,-14.9051246643066,719.333648681641,51.8696862856491,43.2859799168526,37.2430940196576
DP 329,22,17,0.3,22,395.507547896887,66.030200958252,14.8977451324463,-14.9016981124878,724.094024658203,51.8490890928258,43.2792182644212,37.2415708415231
DP 330,22,16,0.3,22,380.945439967006,65.8879470825195,14.8812642097473,-14.880578994751,774.586029052734,51.8156707538396,43.2576227071709,37.2290918359693
DP 331,22,21,0.25,22,520.266211901765,80.1815147399902,18.0569086074829,-18.0203819274902,745.546478271484,59.3792746977792,47.9613578754443,40.4190999588705
DP 332,22,20,0.25,22,423.228874747821,78.7601165771484,16.8321828842163,-16.8424701690674,750.520629882813,59.7359555878536,48.3794706958098,40.8230393792936
DP 333,22,19,0.25,22,423.981721518355,78.7084465026855,16.8447294235229,-16.8512783050537,723.304565429688,59.731701197959,48.3830302145278,40.8297048925778
DP 334,22,18,0.25,22,410.310591500749,78.3301162719727,17.2190141677856,-17.2022247314453,727.746856689453,59.5328505433849,48.3474142293448,40.8168664539753
DP 335,22,17,0.25,22,388.128141340809,78.2041854858398,17.1650123596191,-17.1420269012451,768.548858642578,59.4392662913732,48.3047790102823,40.7949388973096
DP 336,22,16,0.25,22,362.86856254686,78.0815315246582,17.0974473953247,-17.079888343811,729.684722900391,59.3531726750061,48.2854285544085,40.798094066399
DP 337,22,21,0.2,22,514.112695446489,99.3816108703613,22.4204692840576,-22.324649810791,740.935607910156,69.6959378822938,53.8716456570165,44.2628650194734
DP 338,22,20,0.2,22,424.401405157814,98.2960739135742,24.0022783279419,-23.9176168441772,751.516448974609,69.843802217688,53.7319390764237,44.081134706559
DP 339,22,19,0.2,22,423.849064585135,96.8437309265137,19.92018699646,-19.8591842651367,721.401702880859,70.2187100833361,54.8070876697096,45.1281627841081
DP 340,22,18,0.2,22,406.966795376742,96.5766754150391,19.9141063690186,-19.8523769378662,725.87646484375,70.115159714056,54.7610351207678,45.103921057886
DP 341,22,17,0.2,22,380.684699137318,96.5299873352051,19.8053979873657,-19.7577123641968,759.56396484375,69.9095853816592,54.6698736134183,45.0572710273631
DP 342,22,16,0.2,22,356.221163243044,95.9248046875,19.3830871582031,-19.3380556106567,754.595001220703,69.6408192247418,54.6158411983644,45.068768535526
